Clock	frequency	is	approx.	3688.9	MHz
Memory	mountain	(MB/sec)
	s1	s2	s3	s4	s5	s6	s7	s8	s9	s10	s11	s12	s13	s14	s15
128m	14200	7460	5003	3810	3143	2621	1952	1769	1552	1420	1329	1326	1282	1213	1171
64m	13382	7324	4987	3876	3126	2693	2374	2107	1951	1516	1385	1324	1236	1181	1180
32m	14393	7815	5232	4107	3321	2671	2256	1836	1751	1638	1552	1455	1394	1169	1158
16m	14636	8328	5863	4488	3812	3141	2732	2523	2404	2472	1563	1614	1650	1597	1435
8m	15213	12934	10469	7465	5345	4720	4181	3700	3859	3873	3862	3843	3981	4123	4084
4m	21938	16722	13669	11364	9592	8541	7500	6641	6341	6038	5740	5438	5246	5067	4965
2m	22965	17664	14528	12125	10146	8719	7619	6752	6666	6294	5966	5673	5458	5279	5163
1024k	23822	18135	14969	12566	10547	9399	8207	7298	6902	6539	6203	5880	5660	5489	5406
512k	24619	18940	15880	13318	11212	9647	8417	7474	7105	6794	6526	6259	6153	6261	6261
256k	26530	21988	19346	16835	14621	12718	11125	9893	9750	9740	9494	9688	9700	9910	10401
128k	27617	24740	23729	21788	18726	16319	13881	12671	13614	13574	14133	14078	13505	14005	14051
64k	28815	26175	25582	24729	22138	20105	18081	15723	16083	16267	15475	16485	15168	17372	22573
32k	30189	29656	29452	28946	28372	28615	27941	27775	27743	27096	29531	27366	27023	26807	29403
16k	30159	29569	29027	28295	28236	27974	26975	29282	29707	30212	29217	28610	30182	22716	30987


Clock	frequency	is	approx.	3647.8	MHz
Memory	mountain	(MB/sec)
	s1	s2	s4	s8	s16	s32	s64	s128	s256	s512	s1024	s2048
128m	14399	7533	2626	1711	1063	981	583	786	687	838	783	689
64m	14388	7656	3694	1908	1095	765	482	467	445	447	425	404
32m	13734	7667	4099	2220	1473	1250	816	709	662	702	691	670
16m	13935	8102	4632	2524	1669	1710	1062	1047	979	995	997	2305
8m	20692	14786	7590	4325	2998	3327	2409	2681	2531	1472	3712	3955
4m	21788	18381	12240	6801	4483	3536	3483	3721	3908	4253	4271	4883
2m	22923	18769	12462	6925	4552	3642	3596	3894	4026	4296	4716	4457
1024k	22711	18727	12462	6905	4555	3623	3602	3913	4029	4764	5382	9529
512k	23555	19659	13222	7316	4880	4126	4190	4465	5329	5642	4693	22234
256k	25013	21695	17573	10693	7774	6658	6885	8210	9778	10612	18677	10150
128k	25546	22711	19621	12277	9327	7981	8120	10672	13340	19455	11673	7296
64k	25700	23401	21345	12598	11388	10319	10734	19869	21223	11673	3242	3433
32k	27980	27669	26921	25672	27669	27068	27466	16101	11117	7296	3648	2084
16k	27746	27618	25850	27876	25940	29182	14591	10150	7296	4169	2084	973